0 0.90078125 0.24375 0.059375 0.028125
0 0.8375 0.153125 0.0515625 0.028125
0 0.65625 0.11640625 0.046875 0.0390625
0 0.4203125 0.09453125 0.05 0.0421875
0 0.178125 0.01171875 0.0359375 0.021875
0 0.39765625 0.25078125 0.065625 0.046875
0 0.1484375 0.203125 0.0515625 0.040625
0 0.5203125 0.36484375 0.0734375 0.05625
0 0.696875 0.3078125 0.0671875 0.040625
0 0.15 0.4203125 0.05625 0.046875
0 0.84375 0.4203125 0.0484375 0.0296875
0 0.73984375 0.46796875 0.0515625 0.03125
0 0.63046875 0.53125 0.0453125 0.0296875
0 0.4796875 0.59921875 0.0390625 0.0234375
0 0.34375 0.55234375 0.0375 0.028125
0 0.7734375 0.67734375 0.0375 0.0328125
0 0.6375 0.63515625 0.04375 0.03125
0 0.9015625 0.54453125 0.0296875 0.01875
0 0.79921875 0.53046875 0.03125 0.025
0 0.1390625 0.63828125 0.0390625 0.0296875