0 0.24375 0.09921875 0.028125 0.059375
0 0.153125 0.1625 0.028125 0.0515625
0 0.11640625 0.34375 0.0390625 0.046875
0 0.09453125 0.5796875 0.0421875 0.05
0 0.01171875 0.821875 0.021875 0.0359375
0 0.25078125 0.60234375 0.046875 0.065625
0 0.203125 0.8515625 0.040625 0.0515625
0 0.36484375 0.4796875 0.05625 0.0734375
0 0.3078125 0.303125 0.040625 0.0671875
0 0.4203125 0.85 0.046875 0.05625
0 0.4203125 0.15625 0.0296875 0.0484375
0 0.46796875 0.26015625 0.03125 0.0515625
0 0.53125 0.36953125 0.0296875 0.0453125
0 0.59921875 0.5203125 0.0234375 0.0390625
0 0.55234375 0.65625 0.028125 0.0375
0 0.67734375 0.2265625 0.0328125 0.0375
0 0.63515625 0.3625 0.03125 0.04375
0 0.54453125 0.0984375 0.01875 0.0296875
0 0.53046875 0.20078125 0.025 0.03125
0 0.63828125 0.8609375 0.028125 0.0390625