0 0.25 0.9015625 0.0234375 0.0171875
0 0.2734375 0.6515625 0.025 0.01875
0 0.490625 0.74609375 0.025 0.021875
0 0.6546875 0.8453125 0.0265625 0.021875
0 0.5875 0.66171875 0.025 0.025
0 0.0609375 0.57265625 0.0234375 0.01875
0 0.8328125 0.859375 0.0265625 0.021875
0 0.91640625 0.7 0.028125 0.025
0 0.9046875 0.50703125 0.025 0.021875
0 0.5046875 0.4109375 0.0203125 0.0203125
0 0.19609375 0.28359375 0.03125 0.025
0 0.08359375 0.25703125 0.028125 0.021875
0 0.3125 0.14296875 0.021875 0.01875
0 0.89140625 0.3171875 0.03125 0.025
0 0.7 0.14296875 0.0265625 0.01875
0 0.878125 0.128125 0.025 0.01875
0 0.5265625 0.14609375 0.021875 0.021875