0 0.0890625 0.81015625 0.059375 0.0265625
0 0.1515625 0.89453125 0.05 0.01875
0 0.33828125 0.92890625 0.053125 0.03125
0 0.58046875 0.9515625 0.053125 0.0375
0 0.85625 0.85078125 0.05 0.0390625
0 0.60859375 0.80390625 0.059375 0.040625
0 0.2984375 0.75390625 0.0609375 0.034375
0 0.47890625 0.7015625 0.0671875 0.0453125
0 0.853125 0.65078125 0.053125 0.0453125
0 0.25546875 0.6078125 0.05 0.025
0 0.1421875 0.65234375 0.046875 0.025
0 0.08828125 0.5375 0.03125 0.0203125
0 0.1921875 0.5515625 0.0265625 0.01875
0 0.21953125 0.4140625 0.04375 0.028125
0 0.35859375 0.453125 0.05 0.028125
0 0.3625 0.54921875 0.046875 0.025
0 0.52109375 0.4875 0.0375 0.0265625
0 0.65703125 0.52890625 0.040625 0.021875
0 0.86640625 0.4515625 0.040625 0.0265625