0 0.94375 0.2359375 0.05 0.04375
0 0.8046875 0.39921875 0.034375 0.021875
0 0.67734375 0.37421875 0.0359375 0.025
0 0.434375 0.1515625 0.0328125 0.034375
0 0.32578125 0.1359375 0.040625 0.0375
0 0.175 0.2140625 0.034375 0.0375
0 0.0640625 0.2671875 0.034375 0.0375
0 0.35390625 0.2984375 0.0328125 0.03125
0 0.515625 0.36015625 0.0375 0.03125
0 0.32734375 0.43046875 0.040625 0.0296875
0 0.4984375 0.4625 0.046875 0.03125
0 0.84921875 0.4578125 0.040625 0.021875
0 0.7078125 0.49765625 0.0453125 0.028125
0 0.58359375 0.53515625 0.053125 0.034375
0 0.32890625 0.56953125 0.04375 0.034375
0 0.81171875 0.5703125 0.034375 0.01875
0 0.85078125 0.65 0.0234375 0.015625
0 0.73984375 0.6 0.03125 0.01875
0 0.66328125 0.63984375 0.0328125 0.021875
0 0.78125 0.63984375 0.025 0.0140625
0 0.759375 0.7359375 0.034375 0.0234375
0 0.66484375 0.70703125 0.0328125 0.01875
0 0.46015625 0.65625 0.028125 0.01875
0 0.32265625 0.70859375 0.03125 0.0234375
0 0.175 0.71015625 0.0234375 0.021875
0 0.55625 0.684375 0.028125 0.01875
0 0.20859375 0.79296875 0.021875 0.0125