0 0.2359375 0.05625 0.04375 0.05
0 0.39921875 0.1953125 0.021875 0.034375
0 0.37421875 0.32265625 0.025 0.0359375
0 0.1515625 0.565625 0.034375 0.0328125
0 0.1359375 0.67421875 0.0375 0.040625
0 0.2140625 0.825 0.0375 0.034375
0 0.2671875 0.9359375 0.0375 0.034375
0 0.2984375 0.64609375 0.03125 0.0328125
0 0.36015625 0.484375 0.03125 0.0375
0 0.43046875 0.67265625 0.0296875 0.040625
0 0.4625 0.5015625 0.03125 0.046875
0 0.4578125 0.15078125 0.021875 0.040625
0 0.49765625 0.2921875 0.028125 0.0453125
0 0.53515625 0.41640625 0.034375 0.053125
0 0.56953125 0.67109375 0.034375 0.04375
0 0.5703125 0.18828125 0.01875 0.034375
0 0.65 0.14921875 0.015625 0.0234375
0 0.6 0.26015625 0.01875 0.03125
0 0.63984375 0.33671875 0.021875 0.0328125
0 0.63984375 0.21875 0.0140625 0.025
0 0.7359375 0.240625 0.0234375 0.034375
0 0.70703125 0.33515625 0.01875 0.0328125
0 0.65625 0.53984375 0.01875 0.028125
0 0.70859375 0.67734375 0.0234375 0.03125
0 0.71015625 0.825 0.021875 0.0234375
0 0.684375 0.44375 0.01875 0.028125
0 0.79296875 0.79140625 0.0125 0.021875