0 0.05625 0.7640625 0.05 0.04375
0 0.1953125 0.60078125 0.034375 0.021875
0 0.32265625 0.62578125 0.0359375 0.025
0 0.565625 0.8484375 0.0328125 0.034375
0 0.67421875 0.8640625 0.040625 0.0375
0 0.825 0.7859375 0.034375 0.0375
0 0.9359375 0.7328125 0.034375 0.0375
0 0.64609375 0.7015625 0.0328125 0.03125
0 0.484375 0.63984375 0.0375 0.03125
0 0.67265625 0.56953125 0.040625 0.0296875
0 0.5015625 0.5375 0.046875 0.03125
0 0.15078125 0.5421875 0.040625 0.021875
0 0.2921875 0.50234375 0.0453125 0.028125
0 0.41640625 0.46484375 0.053125 0.034375
0 0.67109375 0.43046875 0.04375 0.034375
0 0.18828125 0.4296875 0.034375 0.01875
0 0.14921875 0.35 0.0234375 0.015625
0 0.26015625 0.4 0.03125 0.01875
0 0.33671875 0.36015625 0.0328125 0.021875
0 0.21875 0.36015625 0.025 0.0140625
0 0.240625 0.2640625 0.034375 0.0234375
0 0.33515625 0.29296875 0.0328125 0.01875
0 0.53984375 0.34375 0.028125 0.01875
0 0.67734375 0.29140625 0.03125 0.0234375
0 0.825 0.28984375 0.0234375 0.021875
0 0.44375 0.315625 0.028125 0.01875
0 0.79140625 0.20703125 0.021875 0.0125