0 0.75 0.0984375 0.0234375 0.01875
0 0.7265625 0.3484375 0.025 0.01875
0 0.509375 0.25390625 0.025 0.021875
0 0.3453125 0.1546875 0.0265625 0.021875
0 0.4125 0.33828125 0.025 0.025
0 0.9390625 0.42734375 0.0234375 0.01875
0 0.1671875 0.140625 0.0265625 0.021875
0 0.08359375 0.3 0.028125 0.025
0 0.0953125 0.49296875 0.025 0.021875
0 0.4953125 0.5890625 0.0203125 0.0203125
0 0.80390625 0.71640625 0.03125 0.025
0 0.91640625 0.74296875 0.028125 0.021875
0 0.6875 0.85703125 0.021875 0.01875
0 0.10859375 0.6828125 0.03125 0.025
0 0.3 0.85703125 0.0265625 0.01875
0 0.121875 0.871875 0.025 0.01875
0 0.4734375 0.85390625 0.021875 0.021875