0 0.9015625 0.75 0.01875 0.0234375
0 0.6515625 0.7265625 0.01875 0.025
0 0.74609375 0.509375 0.021875 0.025
0 0.8453125 0.3453125 0.021875 0.0265625
0 0.66171875 0.4125 0.025 0.025
0 0.57265625 0.9390625 0.01875 0.0234375
0 0.859375 0.1671875 0.021875 0.0265625
0 0.7 0.08359375 0.025 0.028125
0 0.50703125 0.0953125 0.021875 0.025
0 0.4109375 0.4953125 0.0203125 0.0203125
0 0.28359375 0.80390625 0.025 0.03125
0 0.25703125 0.91640625 0.021875 0.028125
0 0.14296875 0.6875 0.01875 0.0234375
0 0.3171875 0.10859375 0.025 0.03125
0 0.14296875 0.3 0.01875 0.0265625
0 0.128125 0.121875 0.01875 0.025
0 0.14609375 0.4734375 0.021875 0.0234375