0 0.9109375 0.18984375 0.059375 0.028125
0 0.8484375 0.10546875 0.05 0.01875
0 0.66171875 0.07109375 0.053125 0.03125
0 0.41953125 0.0484375 0.053125 0.0375
0 0.14375 0.14921875 0.05 0.0390625
0 0.39140625 0.19609375 0.059375 0.040625
0 0.7015625 0.24609375 0.0609375 0.034375
0 0.52109375 0.2984375 0.0671875 0.0453125
0 0.146875 0.34921875 0.053125 0.04375
0 0.74453125 0.3921875 0.05 0.025
0 0.8578125 0.34765625 0.046875 0.025
0 0.91171875 0.4625 0.03125 0.0203125
0 0.8078125 0.4484375 0.0265625 0.01875
0 0.78046875 0.5859375 0.04375 0.028125
0 0.64140625 0.546875 0.05 0.028125
0 0.6375 0.45078125 0.046875 0.025
0 0.47890625 0.5125 0.0375 0.0265625
0 0.34296875 0.47109375 0.040625 0.021875
0 0.13359375 0.5484375 0.040625 0.0265625