0 0.9578125 0.3265625 0.053125 0.028125
0 0.84140625 0.4328125 0.034375 0.0125
0 0.87890625 0.4703125 0.0390625 0.0125
0 0.734375 0.4171875 0.0375 0.015625
0 0.53125 0.27109375 0.028125 0.025
0 0.43828125 0.26015625 0.03125 0.0234375
0 0.31328125 0.31171875 0.0296875 0.021875
0 0.2203125 0.34765625 0.028125 0.025
0 0.459375 0.36875 0.0265625 0.0203125
0 0.6 0.40703125 0.028125 0.0171875
0 0.58359375 0.4734375 0.0328125 0.021875
0 0.4390625 0.45390625 0.03125 0.01875
0 0.121875 0.47734375 0.03125 0.025
0 0.4390625 0.54375 0.03125 0.01875
0 0.65703125 0.52109375 0.0390625 0.01875
0 0.76015625 0.49765625 0.040625 0.015625
0 0.84765625 0.54453125 0.028125 0.0125
0 0.78828125 0.5640625 0.025 0.0125
0 0.81953125 0.5890625 0.021875 0.009375
0 0.88203125 0.59609375 0.021875 0.0140625
0 0.72109375 0.590625 0.0234375 0.0125
0 0.725 0.634375 0.028125 0.0125
0 0.80390625 0.65390625 0.0296875 0.0171875
0 0.3109375 0.63671875 0.021875 0.015625
0 0.43671875 0.63515625 0.025 0.0125
0 0.553125 0.60078125 0.025 0.0125
0 0.63125 0.61953125 0.025 0.0109375
0 0.57890625 0.64140625 0.01875 0.009375
0 0.33984375 0.68984375 0.025 0.009375