0 0.0421875 0.6734375 0.053125 0.028125
0 0.15859375 0.5671875 0.034375 0.0125
0 0.12109375 0.5296875 0.0390625 0.0125
0 0.265625 0.5828125 0.0375 0.015625
0 0.46875 0.72890625 0.028125 0.025
0 0.56171875 0.73984375 0.03125 0.0234375
0 0.68671875 0.68828125 0.0296875 0.021875
0 0.7796875 0.65234375 0.028125 0.025
0 0.540625 0.63125 0.0265625 0.0203125
0 0.4 0.59296875 0.028125 0.0171875
0 0.41640625 0.5265625 0.0328125 0.021875
0 0.5609375 0.54609375 0.03125 0.01875
0 0.878125 0.52265625 0.03125 0.025
0 0.5609375 0.45625 0.03125 0.01875
0 0.34296875 0.47890625 0.0390625 0.01875
0 0.23984375 0.50234375 0.040625 0.015625
0 0.15234375 0.45546875 0.028125 0.0125
0 0.21171875 0.4359375 0.025 0.0125
0 0.18046875 0.4109375 0.021875 0.009375
0 0.11796875 0.40390625 0.021875 0.0125
0 0.27890625 0.409375 0.0234375 0.0125
0 0.275 0.365625 0.028125 0.0125
0 0.19609375 0.34609375 0.0296875 0.0171875
0 0.6890625 0.36328125 0.021875 0.015625
0 0.56328125 0.36484375 0.025 0.0125
0 0.446875 0.39921875 0.025 0.0125
0 0.36875 0.38046875 0.025 0.0109375
0 0.42109375 0.35859375 0.01875 0.009375
0 0.66015625 0.31015625 0.025 0.009375