0 0.18984375 0.0890625 0.028125 0.059375
0 0.10546875 0.1515625 0.01875 0.05
0 0.07109375 0.33828125 0.03125 0.053125
0 0.0484375 0.58046875 0.0375 0.053125
0 0.14921875 0.85625 0.0390625 0.05
0 0.19609375 0.60859375 0.040625 0.059375
0 0.24609375 0.2984375 0.034375 0.0609375
0 0.2984375 0.47890625 0.0453125 0.0671875
0 0.34921875 0.853125 0.04375 0.053125
0 0.3921875 0.25546875 0.025 0.05
0 0.34765625 0.1421875 0.025 0.046875
0 0.4625 0.08828125 0.0203125 0.03125
0 0.4484375 0.1921875 0.01875 0.0265625
0 0.5859375 0.21953125 0.028125 0.04375
0 0.546875 0.35859375 0.028125 0.05
0 0.45078125 0.3625 0.025 0.046875
0 0.5125 0.52109375 0.0265625 0.0375
0 0.47109375 0.65703125 0.021875 0.040625
0 0.5484375 0.86640625 0.0265625 0.040625